Exploding

[[[[[9,8],1],2],3],4] becomes [[[[0,9],2],3],4] (the 9 has no regular number to its left, so it is not added to any regular number).

[7,[6,[5,[4,[3,2]]]]] becomes [7,[6,[5,[7,0]]]] (the 2 has no regular number to its right, and so it is not added to any regular number).

[[6,[5,[4,[3,2]]]],1] becomes [[6,[5,[7,0]]],3].

[[3,[2,[1,[7,3]]]],[6,[5,[4,[3,2]]]]] becomes [[3,[2,[8,0]]],[9,[5,[4,[3,2]]]]]


Splitting

For example, 10 becomes [5,5], 11 becomes [5,6], 12 becomes [6,6], and so on.

Here is the process of finding the reduced result of [[[[4,3],4],4],[7,[[8,4],9]]] + [1,1]:

after addition: [[[[[4,3],4],4],[7,[[8,4],9]]],[1,1]]
after explode:  [[[[0,7],4],[7,[[8,4],9]]],[1,1]]
after explode:  [[[[0,7],4],[15,[0,13]]],[1,1]]
after split:    [[[[0,7],4],[[7,8],[0,13]]],[1,1]]
after split:    [[[[0,7],4],[[7,8],[0,[6,7]]]],[1,1]]
after explode:  [[[[0,7],4],[[7,8],[6,0]]],[8,1]]

  [[[0,[4,5]],[0,0]],[[[4,5],[2,6]],[9,5]]]
+ [7,[[[3,7],[4,3]],[[6,3],[8,8]]]]
= [[[[4,0],[5,4]],[[7,7],[6,0]]],[[8,[7,7]],[[7,9],[5,0]]]]

  [[[[4,0],[5,4]],[[7,7],[6,0]]],[[8,[7,7]],[[7,9],[5,0]]]]
+ [[2,[[0,8],[3,4]]],[[[6,7],1],[7,[1,6]]]]
= [[[[6,7],[6,7]],[[7,7],[0,7]]],[[[8,7],[7,7]],[[8,8],[8,0]]]]

  [[[[6,7],[6,7]],[[7,7],[0,7]]],[[[8,7],[7,7]],[[8,8],[8,0]]]]
+ [[[[2,4],7],[6,[0,5]]],[[[6,8],[2,8]],[[2,1],[4,5]]]]
= [[[[7,0],[7,7]],[[7,7],[7,8]]],[[[7,7],[8,8]],[[7,7],[8,7]]]]

  [[[[7,0],[7,7]],[[7,7],[7,8]]],[[[7,7],[8,8]],[[7,7],[8,7]]]]
+ [7,[5,[[3,8],[1,4]]]]
= [[[[7,7],[7,8]],[[9,5],[8,7]]],[[[6,8],[0,8]],[[9,9],[9,0]]]]

  [[[[7,7],[7,8]],[[9,5],[8,7]]],[[[6,8],[0,8]],[[9,9],[9,0]]]]
+ [[2,[2,2]],[8,[8,1]]]
= [[[[6,6],[6,6]],[[6,0],[6,7]]],[[[7,7],[8,9]],[8,[8,1]]]]

  [[[[6,6],[6,6]],[[6,0],[6,7]]],[[[7,7],[8,9]],[8,[8,1]]]]
+ [2,9]
= [[[[6,6],[7,7]],[[0,7],[7,7]]],[[[5,5],[5,6]],9]]

  [[[[6,6],[7,7]],[[0,7],[7,7]]],[[[5,5],[5,6]],9]]
+ [1,[[[9,3],9],[[9,0],[0,7]]]]
= [[[[7,8],[6,7]],[[6,8],[0,8]]],[[[7,7],[5,0]],[[5,5],[5,6]]]]

  [[[[7,8],[6,7]],[[6,8],[0,8]]],[[[7,7],[5,0]],[[5,5],[5,6]]]]
+ [[[5,[7,4]],7],1]
= [[[[7,7],[7,7]],[[8,7],[8,7]]],[[[7,0],[7,7]],9]]

  [[[[7,7],[7,7]],[[8,7],[8,7]]],[[[7,0],[7,7]],9]]
+ [[[[4,2],2],6],[8,7]]
= [[[[8,7],[7,7]],[[8,6],[7,7]]],[[[0,7],[6,6]],[8,7]]]
